0 0.39666666666666667 0.11250000000000003 0.22 0.11250000000000003 0.22 0.22000000000000003 0.39666666666666667 0.22000000000000008
17 0.76 0.25500000000000006 0.56 0.25500000000000006 0.56 0.3625 0.76 0.3625
9 0.5633333333333336 0.615 0.35666666666666674 0.615 0.35666666666666674 0.7175 0.5633333333333336 0.7175
12 0.6533333333333335 0.92 0.44000000000000017 0.92 0.44000000000000017 1 0.6533333333333335 1
12 0.7300000000000002 0.845 0.6166666666666668 0.845 0.6166666666666668 0.9025 0.7300000000000002 0.9025
3 0.7000000000000001 0.5325 0.48 0.5325 0.4800000000000001 0.625 0.7000000000000002 0.625
0 0.74 0.4325 0.53 0.4325 0.53 0.535 0.74 0.535
9 0.24666666666666676 0.58 9.470601913406199e-17 0.58 1.1062642752297757e-16 0.775 0.24666666666666676 0.775
19 0.5266666666666666 0.22500000000000003 0.3333333333333333 0.225 0.33333333333333337 0.3475 0.5266666666666666 0.3475
19 0.33333333333333337 0.285 4.653657836759942e-17 0.285 5.674196836049404e-17 0.41 0.3333333333333334 0.41
3 0.47333333333333344 0.4575 7.470345474798854e-17 0.4575 8.572527594031472e-17 0.5925 0.47333333333333355 0.5925