15 0.24666666666666676 0.002500000000000011 4.082155997157844e-19 0.0025 8.184722774301477e-17 1 0.24666666666666687 1
0 0.09666666666666669 0.05 8.164311994315688e-18 0.05 2.34723969836576e-17 0.2375 0.09666666666666672 0.2375
0 0.15666666666666673 0.2925 0.013333333333333381 0.2925 0.013333333333333416 0.72 0.15666666666666676 0.72
0 0.17333333333333348 0.7525 0.08333333333333345 0.7525 0.08333333333333348 0.9475 0.17333333333333348 0.9475
20 0.4933333333333334 0.012500000000000032 0.17666666666666667 0.012500000000000018 0.17666666666666675 0.9925 0.4933333333333335 0.9925
0 0.3433333333333333 0.05500000000000003 0.24666666666666667 0.05500000000000002 0.24666666666666667 0.235 0.3433333333333333 0.235
0 0.4300000000000002 0.7675 0.3233333333333334 0.7675 0.3233333333333335 0.9675 0.4300000000000002 0.9675
0 0.4100000000000001 0.29250000000000004 0.2600000000000001 0.2925 0.2600000000000001 0.7275 0.4100000000000001 0.7275
2 0.7400000000000001 0.017500000000000054 0.4266666666666667 0.01750000000000004 0.42666666666666675 0.9975 0.7400000000000002 0.9975
0 0.5866666666666667 0.055000000000000056 0.49666666666666665 0.055000000000000056 0.49666666666666665 0.24500000000000008 0.5866666666666667 0.24500000000000008
0 0.6533333333333334 0.31750000000000006 0.51 0.31750000000000006 0.5100000000000001 0.7225 0.6533333333333335 0.7225
0 0.6766666666666669 0.785 0.5766666666666669 0.785 0.5766666666666669 0.96 0.6766666666666669 0.96
4 0.9966666666666667 0.022500000000000075 0.67 0.02250000000000006 0.67 1 0.9966666666666667 1
0 0.84 0.05750000000000007 0.7433333333333333 0.05750000000000007 0.7433333333333333 0.24500000000000008 0.84 0.24500000000000008
0 0.9066666666666666 0.31250000000000006 0.7633333333333333 0.31250000000000006 0.7633333333333334 0.725 0.9066666666666666 0.725
0 0.9233333333333333 0.7775 0.8233333333333335 0.7775 0.8233333333333335 0.9575 0.9233333333333333 0.9575