15 0.24666666666666676 0.002500000000000011 4.082155997157844e-19 0.0025 8.184722774301477e-17 1 0.24666666666666687 1
0 0.10000000000000002 0.05000000000000001 0.01333333333333334 0.05 0.013333333333333353 0.235 0.10000000000000005 0.235
0 0.18000000000000008 0.2925 0.07000000000000005 0.2925 0.07000000000000008 0.7175 0.1800000000000001 0.7175
0 0.23333333333333348 0.7525 0.15666666666666682 0.7525 0.15666666666666682 0.945 0.23333333333333353 0.945
20 0.4933333333333334 0.0075000000000000335 0.25333333333333335 0.007500000000000022 0.2533333333333334 0.9875 0.4933333333333335 0.9875
0 0.3466666666666667 0.052500000000000026 0.2633333333333333 0.05250000000000002 0.2633333333333333 0.23 0.3466666666666667 0.23
0 0.4900000000000002 0.7625 0.3966666666666668 0.7625 0.39666666666666683 0.96 0.4900000000000002 0.96
0 0.4333333333333334 0.28750000000000003 0.31666666666666665 0.2875 0.3166666666666667 0.7225 0.4333333333333335 0.7225
2 0.7400000000000001 0.012500000000000056 0.5033333333333333 0.012500000000000044 0.5033333333333334 0.99 0.7400000000000002 0.99
0 0.5933333333333334 0.047500000000000056 0.5166666666666667 0.047500000000000056 0.5166666666666667 0.23750000000000007 0.5933333333333334 0.23750000000000007
0 0.6766666666666667 0.31250000000000006 0.5666666666666667 0.31250000000000006 0.5666666666666668 0.715 0.6766666666666669 0.715
0 0.7400000000000002 0.7775 0.6533333333333335 0.7775 0.6533333333333335 0.9525 0.7400000000000002 0.9525
4 0.9966666666666667 0.012500000000000082 0.75 0.012500000000000072 0.7500000000000001 1 0.9966666666666667 1
0 0.8466666666666667 0.04750000000000007 0.7633333333333333 0.04750000000000007 0.7633333333333333 0.23250000000000007 0.8466666666666667 0.23250000000000007
0 0.93 0.30250000000000005 0.8166666666666667 0.30250000000000005 0.8166666666666668 0.715 0.93 0.715
0 0.9833333333333333 0.7675 0.8966666666666666 0.7675 0.8966666666666666 0.945 0.9833333333333333 0.945