15 0.740045498430463 0.6592134282093057 0.4023994733333333 0.2520788475 -0.04740019509712965 0.4619077492906943 0.29024583000000004 0.8690423300000001
2 1.169851013923879 0.3333929668702036 0.99835698 0.017150660000000036 0.5178378120023938 0.1637264656336095 0.6893318459262727 0.47996877250381303
2 0.51863445 3.552713678800501e-17 0.3554874074423436 -0.11760106101917266 0.10349725410901026 0.07903993398082731 0.26664429666666667 0.196640995
20 0.2791590733333333 0.1791392675 0.09012000666666667 0.08278806749999999 0.02329320343096846 0.15653902273456136 0.21233227009763508 0.25289022273456135
4 0.71019824 3.552713678800501e-17 0.6199381160202703 -0.07503599278197118 0.33182023079706985 0.11991212119287921 0.42208035477679945 0.19494811397485046
9 0.8233333333333334 0.36250000000000004 0.7 0.3625 0.7 0.4175000000000001 0.8233333333333334 0.41750000000000015
6 0.21000000000000008 0.42 0.11000000000000004 0.42 0.11000000000000007 0.48 0.2100000000000001 0.48
6 0.6566666666666668 0.5925 0.5633333333333336 0.5925 0.5633333333333336 0.675 0.6566666666666668 0.675
8 0.24666666666666667 0.1675 0.16333333333333339 0.1675 0.16333333333333339 0.2125 0.24666666666666667 0.2125
8 0.3333333333333333 0.10250000000000004 0.2633333333333333 0.10250000000000004 0.2633333333333333 0.1625 0.3333333333333333 0.1625
6 0.37 0.165 0.31666666666666665 0.165 0.31666666666666665 0.2025 0.37 0.2025