4 0.2034633200000001 0.5039032600000001 0.04545917704901948 0.4671094945577825 -0.06499864673169062 0.7339263419918118 0.09300549621928998 0.7707201074340294
13 0.07333333333333343 0.5725 0.003333333333333427 0.5725 0.003333333333333431 0.6225 0.07333333333333343 0.6225
2 0.6246896066666666 0.5091083175 0.5740407886309007 0.43528425268801757 0.18290216863090072 0.5862312876880175 0.23355098666666663 0.6600553524999999
20 0.4349063733333333 0.484817965 0.3824396294068552 0.4468945071095578 0.13942442274018854 0.6360121996095578 0.1918911666666667 0.6739356575
13 0.2900000000000001 0.475 0.2400000000000001 0.475 0.2400000000000001 0.52 0.2900000000000001 0.52
2 0.7473544966666666 0.5871844950000003 0.7056803417222637 0.4920436336034937 0.3091792147545045 0.5897373600588544 0.3508533696989074 0.6848782214553608
13 0.3966666666666668 0.4625 0.3333333333333334 0.4625 0.3333333333333334 0.515 0.3966666666666668 0.515
15 0.8144730166666668 0.6947558175000002 0.0016227871415762725 0.6918402893492884 -0.00032655357630782643 0.9975460164169521 0.8125236759487827 1.0004615445676637
13 0.15666666666666682 0.8725 0.05666666666666681 0.8725 0.05666666666666681 0.94 0.15666666666666682 0.94
13 0.49666666666666665 0.47 0.43666666666666665 0.47 0.43666666666666665 0.525 0.49666666666666665 0.525
13 0.6600000000000001 0.5225 0.5866666666666667 0.5225 0.5866666666666668 0.5825 0.6600000000000001 0.5825
13 0.7633333333333335 0.7 0.6733333333333336 0.7 0.6733333333333336 0.76 0.7633333333333335 0.76
13 0.7333333333333335 0.6275 0.6400000000000002 0.6275 0.6400000000000002 0.6825 0.7333333333333335 0.6825