20 0.14333333333333337 0.2075 0.010000000000000033 0.2075 0.010000000000000045 0.3575 0.14333333333333337 0.3575
13 0.09333333333333337 0.2125 0.013333333333333369 0.2125 0.013333333333333372 0.2625 0.09333333333333338 0.2625
13 0.22 0.17 0.15000000000000005 0.17 0.15000000000000005 0.225 0.22 0.225
15 0.34 0.14500000000000005 0.29 0.14500000000000005 0.29000000000000004 0.3275 0.3400000000000001 0.3275
13 0.35333333333333333 0.14000000000000004 0.30666666666666664 0.14000000000000004 0.30666666666666664 0.1925 0.35333333333333333 0.1925
13 0.5 0.14500000000000005 0.43666666666666665 0.14500000000000005 0.43666666666666665 0.19750000000000006 0.5 0.19750000000000006
13 0.6 0.19250000000000006 0.5466666666666666 0.19250000000000006 0.5466666666666666 0.24000000000000007 0.6 0.24000000000000007
13 0.69 0.23000000000000007 0.62 0.23000000000000007 0.62 0.2800000000000001 0.69 0.2800000000000001
2 0.8466666666666667 0.3375000000000001 0.62 0.3375 0.62 0.37750000000000006 0.8466666666666667 0.37750000000000017
13 0.8266666666666667 0.31000000000000005 0.7466666666666667 0.31000000000000005 0.7466666666666667 0.3550000000000001 0.8266666666666667 0.35500000000000015
2 0.96 0.4125000000000001 0.3700000000000001 0.4125 0.3700000000000001 0.6675 0.96 0.6675
13 0.9166666666666666 0.41500000000000015 0.8466666666666667 0.41500000000000015 0.8466666666666667 0.4550000000000001 0.9166666666666666 0.4550000000000001
13 0.5033333333333335 0.6325 0.3933333333333334 0.6325 0.3933333333333334 0.68 0.5033333333333335 0.68