4 0.21910129000000012 0.5119005550000001 0.05702980661680923 0.4764113587072098 -0.04393608591970543 0.7357741422348443 0.11813539746348543 0.7712633385276345
13 0.09333333333333343 0.5725 0.020000000000000094 0.5725 0.020000000000000098 0.625 0.09333333333333343 0.625
2 0.64048911 0.533662265 0.5921904457761501 0.45621921842402935 0.20573626910948353 0.5917922234240294 0.2540349333333333 0.66923527
20 0.44995205666666666 0.5019123225 0.39621825236520286 0.4619948815685474 0.15907206569853619 0.6415606590685475 0.21280586999999998 0.6814781000000001
13 0.30666666666666675 0.485 0.25666666666666677 0.485 0.25666666666666677 0.53 0.30666666666666675 0.53
2 0.76557699 0.6165598875000001 0.7290466267094017 0.5180914439661551 0.3330219594024766 0.6007336083274785 0.369552322693075 0.6992020518613233
13 0.41333333333333344 0.475 0.34666666666666673 0.475 0.34666666666666673 0.53 0.41333333333333344 0.53
15 0.8360338433333333 0.7267693600000001 0.04868359521292387 0.6930015928710442 0.025961600685718834 0.991014176224909 0.8133118488061283 1.024781943353865
13 0.1833333333333335 0.875 0.08333333333333348 0.875 0.08333333333333348 0.945 0.1833333333333335 0.945
13 0.51 0.4875 0.45 0.4875 0.45 0.545 0.51 0.545
13 0.6766666666666667 0.545 0.6033333333333334 0.545 0.6033333333333334 0.6075 0.6766666666666669 0.6075
13 0.7866666666666668 0.725 0.6933333333333335 0.725 0.6933333333333335 0.79 0.7866666666666668 0.79
13 0.7533333333333335 0.6525 0.6600000000000001 0.6525 0.6600000000000001 0.7125 0.7533333333333335 0.7125