2 0.5476459066666668 0.6449935525000001 0.06413395000000008 0.3207548100000001 -0.09557712556230859 0.4547224395427258 0.38793483110435817 0.7789611820427257
20 0.6069706335983124 0.5674841501361881 0.13008912316308724 0.17279227677590278 0.0032388266666666964 0.25900399749999997 0.48012033710189184 0.6536958708602854
12 0.1733333333333334 0.43 0.043333333333333404 0.43 0.04333333333333341 0.5275 0.17333333333333342 0.5275
12 0.17666666666666672 0.2375 0.09000000000000005 0.2375 0.09000000000000005 0.32 0.17666666666666672 0.32
12 0.31333333333333335 0.175 0.23 0.175 0.23 0.245 0.31333333333333335 0.245
12 0.41 0.15250000000000002 0.35 0.15250000000000002 0.35 0.22500000000000003 0.41 0.22500000000000006
4 0.637589856093606 0.5392765761528006 0.553434946093606 0.11153412365280056 0.43785803666666673 0.12432471750000001 0.5220129466666666 0.5520671699999999
12 0.5233333333333333 0.14750000000000005 0.46 0.14750000000000005 0.46 0.21500000000000008 0.5233333333333333 0.21500000000000008
12 0.6633333333333333 0.19750000000000006 0.6 0.19750000000000006 0.6 0.26250000000000007 0.6633333333333333 0.26250000000000007
12 0.7766666666666666 0.25500000000000006 0.71 0.25500000000000006 0.71 0.31000000000000005 0.7766666666666666 0.31000000000000005
12 0.8966666666666666 0.3600000000000001 0.7166666666666667 0.36 0.7166666666666667 0.535 0.8966666666666666 0.5350000000000001
12 0.91 0.6300000000000001 0.8233333333333335 0.6300000000000001 0.8233333333333335 0.7 0.91 0.7