20 0.1333333333333334 0.2025 3.306546357697854e-17 0.2025 4.551603936830996e-17 0.355 0.1333333333333334 0.355
13 0.08333333333333337 0.21 0.0033333333333333674 0.21 0.0033333333333333717 0.26 0.08333333333333338 0.26
13 0.21333333333333335 0.165 0.14333333333333337 0.165 0.14333333333333337 0.2225 0.21333333333333335 0.2225
15 0.33333333333333337 0.13750000000000004 0.27666666666666667 0.13750000000000004 0.2766666666666667 0.32 0.3333333333333334 0.32
13 0.35 0.13250000000000003 0.3 0.13250000000000003 0.3 0.185 0.35 0.185
13 0.49333333333333335 0.13500000000000004 0.43 0.13500000000000004 0.43 0.18750000000000008 0.49333333333333335 0.18750000000000008
13 0.5933333333333334 0.18000000000000008 0.5366666666666666 0.18000000000000008 0.5366666666666666 0.22750000000000006 0.5933333333333334 0.22750000000000006
13 0.6833333333333333 0.21500000000000008 0.6066666666666667 0.21500000000000008 0.6066666666666667 0.26500000000000007 0.6833333333333333 0.26500000000000007
2 0.8333333333333334 0.31750000000000006 0.6066666666666667 0.31750000000000006 0.6066666666666667 0.36500000000000005 0.8333333333333334 0.36500000000000016
13 0.8133333333333334 0.2925000000000001 0.7333333333333333 0.2925000000000001 0.7333333333333333 0.3375000000000001 0.8133333333333334 0.33750000000000013
2 0.9433333333333334 0.39000000000000007 0.34333333333333343 0.39 0.34333333333333343 0.6575 0.9433333333333334 0.6575
13 0.9 0.39500000000000013 0.8266666666666667 0.39500000000000013 0.8266666666666667 0.43500000000000016 0.9 0.43500000000000016
13 0.4800000000000002 0.62 0.36666666666666675 0.62 0.36666666666666675 0.67 0.4800000000000002 0.67