9 0.15 9.491012693391988e-18 0.056666666666666664 5.2047488963762504e-18 0.05666666666666668 0.07750000000000001 0.15 0.07750000000000001
10 0.3 0.010000000000000024 0.22 0.010000000000000023 0.22 0.08000000000000003 0.3 0.08000000000000003
10 0.5166666666666667 0.03000000000000004 0.43 0.030000000000000037 0.43 0.10000000000000003 0.5166666666666667 0.10000000000000003
11 0.7033333333333334 0.12500000000000006 0.5733333333333334 0.12500000000000003 0.5733333333333334 0.21500000000000008 0.7033333333333334 0.21500000000000008
11 0.8266666666666667 0.24250000000000008 0.68 0.24250000000000008 0.68 0.31750000000000006 0.8266666666666667 0.31750000000000006
2 0.91 0.43000000000000005 0.5 0.43 0.5 0.5425000000000001 0.91 0.5425000000000001
9 0.9266666666666666 0.43000000000000016 0.82 0.43000000000000016 0.82 0.49750000000000016 0.9266666666666666 0.49750000000000016
6 0.95 0.6025000000000001 0.8366666666666669 0.6025000000000001 0.8366666666666669 0.6725 0.95 0.6725
6 0.23666666666666678 0.775 0.12333333333333348 0.775 0.12333333333333348 0.85 0.23666666666666678 0.85
2 0.9033333333333333 0.5575000000000001 0.19666666666666677 0.5575 0.1966666666666668 0.9175 0.9033333333333333 0.9175
2 0.83 0.31000000000000005 0.48333333333333334 0.31000000000000005 0.48333333333333334 0.4025000000000001 0.83 0.40250000000000014