2 0.5622000533333333 0.6253548875 0.07154085000000004 0.31825575749999996 -0.08756178701609775 0.4612443093844842 0.4030974163172356 0.7683434393844842
20 0.54599911 0.5993295399999999 0.15558434882711752 0.1817306091104841 0.0092592066666667 0.2586805575 0.39967396783954917 0.676279488389516
12 0.1833333333333334 0.4275 0.05666666666666674 0.4275 0.05666666666666675 0.5225 0.18333333333333343 0.5225
12 0.18333333333333338 0.235 0.09666666666666672 0.235 0.09666666666666672 0.3125 0.18333333333333338 0.3125
12 0.31666666666666665 0.1675 0.23666666666666666 0.1675 0.23666666666666666 0.235 0.31666666666666665 0.235
12 0.41333333333333333 0.14000000000000004 0.35333333333333333 0.14000000000000004 0.35333333333333333 0.21000000000000005 0.41333333333333333 0.21000000000000008
4 0.6501429639818808 0.5189787055873007 0.5561094739818806 0.09452101308730068 0.4403934666666667 0.10894097500000001 0.5344269566666667 0.5333986675000001
12 0.5266666666666666 0.13000000000000003 0.4633333333333333 0.13000000000000003 0.4633333333333333 0.19750000000000006 0.5266666666666666 0.19750000000000006
12 0.67 0.17750000000000007 0.6066666666666667 0.17750000000000007 0.6066666666666667 0.24000000000000007 0.67 0.24000000000000007
12 0.7833333333333333 0.23000000000000007 0.7166666666666667 0.23000000000000007 0.7166666666666667 0.2825000000000001 0.7833333333333333 0.2825000000000001
12 0.9033333333333333 0.3350000000000001 0.73 0.335 0.73 0.5025000000000001 0.9033333333333333 0.5025000000000002
12 0.9233333333333333 0.6000000000000001 0.8400000000000002 0.6000000000000001 0.8400000000000002 0.6675 0.9233333333333333 0.6675