9 0.15 0.005000000000000009 0.056666666666666664 0.0050000000000000044 0.05666666666666668 0.08 0.15 0.08
10 0.3 0.022500000000000023 0.22 0.022500000000000017 0.22 0.09000000000000004 0.3 0.09000000000000004
10 0.5166666666666667 0.050000000000000044 0.43 0.05000000000000004 0.43 0.11750000000000003 0.5166666666666667 0.11750000000000003
11 0.7033333333333334 0.15250000000000005 0.5733333333333334 0.15250000000000002 0.5733333333333334 0.23750000000000007 0.7033333333333334 0.23750000000000007
11 0.8266666666666667 0.2750000000000001 0.68 0.2750000000000001 0.68 0.3450000000000001 0.8266666666666667 0.34500000000000014
2 0.91 0.4675000000000001 0.5 0.4675 0.5 0.5625000000000001 0.91 0.5625000000000001
9 0.9266666666666666 0.46500000000000014 0.82 0.46500000000000014 0.82 0.5300000000000001 0.9266666666666666 0.5300000000000001
6 0.95 0.64 0.8366666666666669 0.64 0.8366666666666669 0.705 0.95 0.705
6 0.23666666666666678 0.7825 0.12333333333333348 0.7825 0.12333333333333348 0.855 0.23666666666666678 0.855
2 0.9033333333333333 0.5925 0.19666666666666677 0.5925 0.1966666666666668 0.925 0.9033333333333333 0.925
2 0.83 0.3425000000000001 0.48333333333333334 0.3425 0.48333333333333334 0.4225000000000001 0.83 0.42250000000000015